FeedCreatedDateTime	PrintPriceLastModifiedDateTime	Currency	PrintCode	PrintTechnique	MOQPrintOrder	SetupNet	PrintSampleNet	SmallOrderChargeNet	NrOfColors	FullColor	VariableDataPrinting	PrintArea	PrintAreaFromCM2	PrintAreaToCM2	PrintPriceNet_1	PrintPriceNet_50	PrintPriceNet_100	PrintPriceNet_250	PrintPriceNet_500	PrintPriceNet_1000	PrintPriceNet_2500	PrintPriceNet_5000	PrintPriceNet_10000	PrintPriceGross_1	PrintPriceGross_50	PrintPriceGross_100	PrintPriceGross_250	PrintPriceGross_500	PrintPriceGross_1000	PrintPriceGross_2500	PrintPriceGross_5000	PrintPriceGross_10000
2023-07-31T11:17:24	2022-10-25T14:42:22	EUR	CO2 Engraving 1	CO2 gravering	1	25.00	25.00	0.00		True	True				1.19	0.53	0.47	0.39	0.36	0.31	0.28	0.26	0.23	2.09	0.93	0.82	0.68	0.63	0.54	0.49	0.46	0.40
2023-07-31T11:17:24	2022-10-25T14:42:22	EUR	CO2 Engraving 2	CO2 gravering	1	25.00	25.00	0.00			True				1.42	0.79	0.62	0.56	0.48	0.45	0.41	0.37	0.34	2.49	1.39	1.09	0.98	0.84	0.79	0.72	0.65	0.60
2023-07-31T11:17:24	2022-10-25T14:42:22	EUR	CO2 Engraving 3	CO2 gravering	1	25.00	25.00	0.00			True				1.64	1.03	0.76	0.67	0.61	0.57	0.55	0.48	0.44	2.88	1.81	1.33	1.18	1.07	1.00	0.96	0.84	0.77
2023-07-31T11:17:24	2022-10-25T15:04:43	EUR	Custom Card B	Custom Card	1	0		0		True	True				0.25	0.25	0.25	0.25	0.25	0.25	0.25	0.25	0.25	0.25	0.25	0.25	0.25	0.25	0.25	0.25	0.25	0.25
2023-07-31T11:17:24	2022-10-25T14:42:22	EUR	Digital Print 1	Digitale print	1	37.00	37.00	0.00		True	True				1.42	0.61	0.47	0.35	0.33	0.28	0.24	0.22	0.21	2.49	1.07	0.82	0.61	0.58	0.49	0.42	0.39	0.37
2023-07-31T11:17:24	2022-10-25T14:42:22	EUR	Digital Print 2	Digitale print	1	37.00	37.00	0.00		True	True				2.19	1.16	0.64	0.50	0.43	0.37	0.35	0.33	0.31	3.84	2.04	1.12	0.88	0.75	0.65	0.61	0.58	0.54
2023-07-31T11:17:24	2022-10-25T14:42:23	EUR	Digital Print 3	Digitale print	1	37.00	37.00	0.00		True	True				2.35	1.33	1.16	1.06	0.95	0.85	0.79	0.75	0.73	4.12	2.33	2.04	1.86	1.67	1.49	1.39	1.32	1.28
2023-07-31T11:17:24	2022-10-25T14:42:23	EUR	Digital round 360-1	Digitaaldruk rondom	1	37.00	37.00	0.00		True	True				2.79	2.09	1.76	1.43	1.10	1.05	0.99	0.94	0.88	4.89	3.67	3.09	2.51	1.93	1.84	1.74	1.65	1.54
2023-07-31T11:17:24	2022-10-25T14:42:23	EUR	Digital round 360-2	Digitaaldruk rondom	1	37.00	37.00	0.00		True	True				3.12	2.42	2.04	1.71	1.38	1.32	1.27	1.21	1.16	5.47	4.25	3.58	3.00	2.42	2.32	2.23	2.12	2.04
2023-07-31T11:17:24	2022-10-25T14:42:23	EUR	Digital Transfer OS	Digitaal transfer	1	0	37.00	0		True	True				2.92	2.48	1.97	1.67	1.21	1.10	1.05	0.98	0.96	5.12	4.35	3.46	2.93	2.12	1.93	1.84	1.72	1.68
2023-07-31T11:17:24	2022-10-25T14:42:22	EUR	Doming	Doming	1	37.00	37.00	0.00		True	True				1.40	0.79	0.62	0.52	0.50	0.40	0.35	0.32	0.29	2.46	1.39	1.09	0.91	0.88	0.70	0.61	0.56	0.51
2023-07-31T11:17:24	2022-10-25T14:42:23	EUR	Doming special	Doming	1	37.00	37.00	0.00		True	True				1.16	0.50	0.37	0.32	0.28	0.28	0.25	0.25	0.25	2.04	0.88	0.65	0.56	0.49	0.49	0.44	0.44	0.44
2023-07-31T11:17:24	2022-10-25T14:42:23	EUR	Embroidery	Borduring	1	47.00	47.00	0			True	0 - 25 cm2	0	25	3.41	2.42	1.93	1.68	1.52	1.27	1.27	1.27	1.27	5.98	4.25	3.39	2.95	2.67	2.23	2.23	2.23	2.23
2023-07-31T11:17:24	2022-10-25T14:42:23	EUR	Embroidery	Borduring	1	47.00	47.00	0			True	25 - 60 cm2	25	60	4.02	3.14	2.48	2.15	1.98	1.76	1.76	1.76	1.76	7.05	5.51	4.35	3.77	3.47	3.09	3.09	3.09	3.09
2023-07-31T11:17:24	2022-10-25T14:42:23	EUR	Embroidery	Borduring	1	47.00	47.00	0			True	60 - 120 cm2	60	120	4.90	4.51	3.69	3.25	3.08	2.92	2.92	2.92	2.92	8.60	7.91	6.47	5.70	5.40	5.12	5.12	5.12	5.12
2023-07-31T11:17:24	2022-10-25T14:42:23	EUR	Embroidery	Borduring	1	47.00	47.00	0			True	120 - 180 cm2	120	180	5.45	4.95	4.40	4.13	4.02	3.91	3.91	3.91	3.91	9.56	8.68	7.72	7.25	7.05	6.86	6.86	6.86	6.86
2023-07-31T11:17:24	2022-10-25T14:42:23	EUR	Embroidery	Borduring	1	47.00	47.00	0			True	180 - 240 cm2	180	240	6.60	6.16	5.39	4.95	4.57	4.35	4.35	4.35	4.35	11.58	10.81	9.46	8.68	8.02	7.63	7.63	7.63	7.63
2023-07-31T11:17:24	2022-10-25T14:42:23	EUR	Embroidery 3D	Borduring 3D	1	47.00	47.00	0				0 - 25 cm2	0	25	4.46	3.47	2.97	2.75	2.53	2.31	2.31	2.31	2.31	7.82	6.09	5.21	4.82	4.44	4.05	4.05	4.05	4.05
2023-07-31T11:17:24	2022-10-25T14:42:23	EUR	Embroidery 3D	Borduring 3D	1	47.00	47.00	0				25 - 60 cm2	25	60	5.39	4.51	3.85	3.52	3.36	3.14	3.14	3.14	3.14	9.46	7.91	6.75	6.18	5.89	5.51	5.51	5.51	5.51
2023-07-31T11:17:24	2022-10-25T14:42:23	EUR	Embroidery badge	Borduring op stoffen patch	1	47.00	47.00	0			True	0 - 50 cm2	0	50	5.39	4.95	4.51	4.18	3.96	3.69	3.69	3.69	3.69	9.46	8.68	7.91	7.33	6.95	6.47	6.47	6.47	6.47
2023-07-31T11:17:24	2022-10-25T14:42:23	EUR	Embroidery badge	Borduring op stoffen patch	1	47.00	47.00	0			True	50 - 75 cm2	50	75	6.38	5.78	5.39	5.06	4.73	4.35	4.35	4.35	4.35	11.19	10.14	9.46	8.88	8.30	7.63	7.63	7.63	7.63
2023-07-31T11:17:24	2022-10-25T14:42:23	EUR	Hot Stamping	Hot Stamping	1	47.00	47.00	0.00				0 - 25 cm2	0	25	1.79	1.14	0.87	0.83	0.75	0.61	0.56	0.53	0.53	3.14	2.00	1.53	1.46	1.32	1.07	0.98	0.93	0.93
2023-07-31T11:17:24	2022-10-25T14:42:23	EUR	Hot Stamping	Hot Stamping	1	47.00	47.00	0.00				25 - 60 cm2	25	60	1.97	1.33	1.14	1.07	0.95	0.87	0.78	0.70	0.70	3.46	2.33	2.00	1.88	1.67	1.53	1.37	1.23	1.23
2023-07-31T11:17:24	2022-10-25T14:42:23	EUR	Laser Engraving 1	Laser gravering	1	25.00	25.00	0.00			True				1.19	0.53	0.47	0.39	0.36	0.31	0.28	0.26	0.23	2.09	0.93	0.82	0.68	0.63	0.54	0.49	0.46	0.40
2023-07-31T11:17:24	2022-10-25T14:42:23	EUR	Laser Engraving 2	Laser gravering	1	25.00	25.00	0.00			True				1.42	0.79	0.62	0.56	0.48	0.45	0.41	0.37	0.34	2.49	1.39	1.09	0.98	0.84	0.79	0.72	0.65	0.60
2023-07-31T11:17:24	2022-10-25T14:42:24	EUR	Laser Engraving 3	laser gravering	1	25.00	25.00	0.00			True				1.64	1.03	0.76	0.67	0.61	0.57	0.55	0.48	0.44	2.88	1.81	1.33	1.18	1.07	1.00	0.96	0.84	0.77
2023-07-31T11:17:24	2023-06-15T10:04:29	EUR	Laser Round 360	Laser gravering 360°	1	25.00	25.00	0							2.95	2.25	1.90	1.60	1.25	1.20	1.15	1.10	1.05	5.18	3.95	3.33	2.81	2.19	2.11	2.02	1.93	1.84
2023-07-31T11:17:24	2022-10-25T14:42:24	EUR	Leather badge	Gegraveerde PU lederen patch	1	47.00	47.00	0			True	0 - 50 cm2	0	50	3.85	2.97	2.64	2.31	2.15	1.98	1.98	1.98	1.98	6.75	5.21	4.63	4.05	3.77	3.47	3.47	3.47	3.47
2023-07-31T11:17:24	2022-10-25T14:42:24	EUR	Leather badge	Gegraveerde PU lederen patch	1	47.00	47.00	0			True	50 - 75 cm2	50	75	4.68	3.69	3.19	2.81	2.59	2.37	2.37	2.37	2.37	8.21	6.47	5.60	4.93	4.54	4.16	4.16	4.16	4.16
2023-07-31T11:17:24	2022-10-25T14:42:25	EUR	Pad Print	Tampondruk	1	37.00	37.00	0.00	1						1.31	0.67	0.39	0.33	0.31	0.27	0.26	0.24	0.23	2.30	1.18	0.68	0.58	0.54	0.47	0.46	0.42	0.40
2023-07-31T11:17:24	2022-10-25T14:42:25	EUR	Pad Print	Tampondruk	1	74.00	74.00	0.00	2						1.64	1.03	0.57	0.51	0.47	0.44	0.41	0.37	0.35	2.88	1.81	1.00	0.89	0.82	0.77	0.72	0.65	0.61
2023-07-31T11:17:24	2022-10-25T14:42:25	EUR	Pad Print	Tampondruk	1	111.00	111.00	0.00	3						1.97	1.40	0.75	0.69	0.64	0.59	0.56	0.51	0.47	3.46	2.46	1.32	1.21	1.12	1.04	0.98	0.89	0.82
2023-07-31T11:17:24	2022-10-25T14:42:25	EUR	Pad Print	Tampondruk	1	148.00	148.00	0.00	4						2.30	1.76	0.94	0.87	0.81	0.75	0.70	0.64	0.59	4.04	3.09	1.65	1.53	1.42	1.32	1.23	1.12	1.04
2023-07-31T11:17:24	2022-10-25T14:42:25	EUR	Pad Print	Tampondruk	1	185.00	185.00	0.00	5						2.63	2.12	1.11	1.06	0.98	0.91	0.85	0.77	0.72	4.61	3.72	1.95	1.86	1.72	1.60	1.49	1.35	1.26
2023-07-31T11:17:24	2022-10-25T14:42:26	EUR	Pad Print	Tampondruk	1	222.00	222.00	0.00	6						2.96	2.49	1.30	1.23	1.16	1.07	0.99	0.91	0.84	5.19	4.37	2.28	2.16	2.04	1.88	1.74	1.60	1.47
2023-07-31T11:17:24	2022-10-25T14:42:24	EUR	Pad Print Drinkware	Tampondruk	1	37.00	37.00	0.00	1						1.42	0.75	0.46	0.41	0.36	0.32	0.30	0.26	0.24	2.49	1.32	0.81	0.72	0.63	0.56	0.53	0.46	0.42
2023-07-31T11:17:24	2022-10-25T14:42:24	EUR	Pad Print Drinkware	Tampondruk	1	74.00	74.00	0.00	2						1.75	1.10	0.66	0.61	0.54	0.48	0.45	0.41	0.37	3.07	1.93	1.16	1.07	0.95	0.84	0.79	0.72	0.65
2023-07-31T11:17:24	2022-10-25T14:42:24	EUR	Pad Print Drinkware	Tampondruk	1	111.00	111.00	0.00	3						2.08	1.44	0.86	0.79	0.73	0.65	0.61	0.54	0.50	3.65	2.53	1.51	1.39	1.28	1.14	1.07	0.95	0.88
2023-07-31T11:17:24	2022-10-25T14:42:24	EUR	Pad Print Drinkware	Tampondruk	1	148.00	148.00	0.00	4						2.41	1.79	1.06	0.99	0.91	0.81	0.75	0.68	0.63	4.23	3.14	1.86	1.74	1.60	1.42	1.32	1.19	1.11
2023-07-31T11:17:24	2022-10-25T14:42:24	EUR	Pad Print Drinkware	Tampondruk	1	185.00	185.00	0.00	5						2.74	2.13	1.24	1.19	1.10	0.97	0.90	0.83	0.75	4.81	3.74	2.18	2.09	1.93	1.70	1.58	1.46	1.32
2023-07-31T11:17:24	2022-10-25T14:42:24	EUR	Pad Print Drinkware	Tampondruk	1	222.00	222.00	0.00	6						3.07	2.49	1.44	1.39	1.29	1.13	1.06	0.96	0.88	5.39	4.37	2.53	2.44	2.26	1.98	1.86	1.68	1.54
2023-07-31T11:17:24	2022-10-25T14:42:25	EUR	Pad Print Low	Tampondruk	1	37.00	37.00	0.00	1						1.11	0.45	0.32	0.26	0.20	0.16	0.16	0.15	0.14	1.95	0.79	0.56	0.46	0.35	0.28	0.28	0.26	0.25
2023-07-31T11:17:24	2022-10-25T14:42:25	EUR	Pad Print Low	Tampondruk	1	74.00	74.00	0.00	2						1.27	0.62	0.44	0.39	0.29	0.26	0.26	0.25	0.24	2.23	1.09	0.77	0.68	0.51	0.46	0.46	0.44	0.42
2023-07-31T11:17:24	2022-10-25T14:42:25	EUR	Pad Print Low	Tampondruk	1	111.00	111.00	0.00	3						1.42	0.79	0.56	0.51	0.39	0.36	0.36	0.35	0.34	2.49	1.39	0.98	0.89	0.68	0.63	0.63	0.61	0.60
2023-07-31T11:17:24	2022-10-25T14:42:25	EUR	Pad Print Low	Tampondruk	1	148.00	148.00	0.00	4						1.57	0.96	0.68	0.63	0.48	0.46	0.46	0.45	0.44	2.75	1.68	1.19	1.11	0.84	0.81	0.81	0.79	0.77
2023-07-31T11:17:24	2022-10-25T14:42:25	EUR	Pad Print Low	Tampondruk	1	185.00	185.00	0.00	5						1.73	1.12	0.80	0.75	0.58	0.56	0.56	0.55	0.53	3.04	1.96	1.40	1.32	1.02	0.98	0.98	0.96	0.93
2023-07-31T11:17:24	2022-10-25T14:42:25	EUR	Pad Print Low	Tampondruk	1	222.00	222.00	0.00	6						1.88	1.30	0.92	0.87	0.68	0.65	0.65	0.64	0.63	3.30	2.28	1.61	1.53	1.19	1.14	1.14	1.12	1.11
2023-07-31T11:17:24	2022-10-25T14:42:22	EUR	Printed badge	Bedrukte patch met borduurrand	1	47.00	47.00	0		True	True	0 - 50 cm2	0	50	3.85	2.97	2.64	2.31	2.15	1.98	1.98	1.98	1.98	6.75	5.21	4.63	4.05	3.77	3.47	3.47	3.47	3.47
2023-07-31T11:17:24	2022-10-25T14:42:22	EUR	Printed badge	Bedrukte patch met borduurrand	1	47.00	47.00	0		True	True	50 - 75 cm2	50	75	4.68	3.69	3.19	2.81	2.59	2.37	2.37	2.37	2.37	8.21	6.47	5.60	4.93	4.54	4.16	4.16	4.16	4.16
2023-07-31T11:17:24	2023-03-28T09:31:54	EUR	PU Label Balti Black	PU label Baltimore zwart	1	47.00	47.00	0			True				3.85	2.97	2.64	2.31	2.15	1.98	1.98	1.98	1.98	6.75	5.21	4.63	4.05	3.77	3.47	3.47	3.47	3.47
2023-07-31T11:17:24	2023-03-28T09:41:28	EUR	PU Label Balti Green	PU label Baltimore groen	1	47.00	47.00	0			True				3.85	2.97	2.64	2.31	2.15	1.98	1.98	1.98	1.98	6.75	5.21	4.63	4.05	3.77	3.47	3.47	3.47	3.47
2023-07-31T11:17:24	2023-03-28T09:40:55	EUR	PU Label Balti Navy	PU label Baltimore marineblauw	1	47.00	47.00	0			True				3.85	2.97	2.64	2.31	2.15	1.98	1.98	1.98	1.98	6.75	5.21	4.63	4.05	3.77	3.47	3.47	3.47	3.47
2023-07-31T11:17:24	2023-03-28T09:42:11	EUR	PU Label Sortino	PU label Sortino	1	47.00	47.00	0			True				3.85	2.97	2.64	2.31	2.15	1.98	1.98	1.98	1.98	6.75	5.21	4.63	4.05	3.77	3.47	3.47	3.47	3.47
2023-07-31T11:17:24	2022-10-25T14:42:26	EUR	Screen Transfer OS	Zeefdruk transfer	1	37.00	37.00	0.00	1						1.91	1.33	1.03	0.88	0.83	0.79	0.73	0.69	0.67	3.35	2.33	1.81	1.54	1.46	1.39	1.28	1.21	1.18
2023-07-31T11:17:24	2022-10-25T14:42:26	EUR	Screen Transfer OS	Zeefdruk transfer	1	74.00	74.00	0.00	2						2.52	2.00	1.41	1.17	1.07	1.00	0.94	0.89	0.86	4.42	3.51	2.47	2.05	1.88	1.75	1.65	1.56	1.51
2023-07-31T11:17:24	2022-10-25T14:42:26	EUR	Screen Transfer OS	Zeefdruk transfer	1	111.00	111.00	0.00	3						3.12	2.66	1.78	1.44	1.31	1.22	1.13	1.10	1.06	5.47	4.67	3.12	2.53	2.30	2.14	1.98	1.93	1.86
2023-07-31T11:17:24	2022-10-25T14:42:26	EUR	Screen Transfer OS	Zeefdruk transfer	1	148.00	148.00	0.00	4						3.73	3.33	2.16	1.72	1.55	1.44	1.34	1.31	1.24	6.54	5.84	3.79	3.02	2.72	2.53	2.35	2.30	2.18
2023-07-31T11:17:24	2022-10-25T14:42:26	EUR	Screen Transfer OS	Zeefdruk transfer	1	185.00	185.00	0.00	5						4.33	3.99	2.53	2.00	1.79	1.66	1.55	1.52	1.44	7.60	7.00	4.44	3.51	3.14	2.91	2.72	2.67	2.53
2023-07-31T11:17:24	2022-10-25T14:42:26	EUR	Screen Transfer OS	Zeefdruk transfer	1	222.00	222.00	0.00	6						4.94	4.66	2.90	2.28	2.04	1.88	1.76	1.72	1.64	8.67	8.18	5.09	4.00	3.58	3.30	3.09	3.02	2.88
2023-07-31T11:17:24	2022-10-25T14:42:26	EUR	SilkScreen	Zeefdruk	1	37.00	37.00	0.00	1						1.53	0.95	0.83	0.75	0.65	0.57	0.51	0.45	0.43	2.68	1.67	1.46	1.32	1.14	1.00	0.89	0.79	0.75
2023-07-31T11:17:24	2022-10-25T14:42:26	EUR	SilkScreen Round	Zeefdruk rond	1	37.00	37.00	0.00	1						1.79	1.20	0.72	0.65	0.57	0.52	0.47	0.46	0.45	3.14	2.11	1.26	1.14	1.00	0.91	0.82	0.81	0.79
2023-07-31T11:17:24	2022-10-25T14:42:26	EUR	SilkScreen Round	Zeefdruk rond	1	74.00	74.00	0.00	2						2.21	1.66	1.05	0.91	0.79	0.74	0.69	0.65	0.63	3.88	2.91	1.84	1.60	1.39	1.30	1.21	1.14	1.11
2023-07-31T11:17:24	2022-10-25T14:42:26	EUR	Sublimation	Sublimatie	1	37.00	37.00	0		True					3.63	1.93	1.32	1.16	1.05	0.97	0.97	0.97	0.97	6.37	3.39	2.32	2.04	1.84	1.70	1.70	1.70	1.70
2023-07-31T11:17:24	2022-10-25T15:04:42	EUR	Ukiyo Card	Ukiyo Card	1	0		0		True					0.25	0.25	0.25	0.25	0.25	0.25	0.25	0.25	0.25	0.25	0.25	0.25	0.25	0.25	0.25	0.25	0.25	0.25
